1.310674943948602,4
1.8253833714525958,3
1.0107482576921911,9
1.8567196051860955,2
1.5415818556368306,4
1.3562169693972352,3
1.17085208315764,6
1.5173260664404045,3
1.2021883168911396,1
1.3319611802008091,3
1.0168234306515442,9
1.8627947781454486,2
1.992567641455118,4
1.0239038751886178,9
1.708766125639353,4
1.8385389889490225,3
1.5234012393997576,3
1.653174102709427,1
1.3380363531601622,5
1.6845103364429268,3
1.369372586893662,5
1.4991454502033315,4
1.1840077006540666,6
1.5304816839368311,2
1.2153439343875663,7
1.3451167976972358,2
1.029979048147971,7
1.628782246442086,3
1.1597519114576404,2
1.8446141619083756,3
1.1910881451911401,5
1.8759503956418753,2
1.0057232589515448,9
1.69058550940228,3
1.8516946064454491,4
1.5365568568961843,3
1.6663297202058538,3
1.351191970656589,1
1.6976659539393535,5
1.3825282043900886,3
1.5123010676997581,2
1.1971633181504933,7
1.1495658469054328,7
1.3269361814601628,2
1.011798431910898,9
1.3582724151936625,2
1.0431346656443976,6
1.1729075289540671,8
1.8577697794048023,3
1.2042437626875668,3
1.889106013138302,2
1.0188788764479715,9
1.7037411268987066,4
1.8335139902083761,1
1.5183762406591113,3
1.8648502239418758,5
1.549712474392611,3
1.6794853377022805,3
1.3643475881530156,4
1.3956838218865153,4
1.5254566851961848,5
1.21031893564692,5
1.3400917989565895,3
1.0249540494073246,8
1.3714280326900892,4
1.0562902831408243,1
1.1860631464504938,5
1.870925396901229,2
1.0006982602108985,2
1.0320344939443982,8
1.7168967443951333,3
1.8466696077048028,5
1.531531858155538,4
1.8780058414383025,4
1.5628680918890376,6
1.6926409551987072,4
1.3775032056494423,5
1.5072760689591118,1
1.192138319409847,6
1.5386123026926115,2
1.2234745531433466,5
1.3532474164530162,4
1.0381096669037513,7
1.3845836501865159,1
1.069445900637251,7
1.1992187639469205,5
1.8840810143976556,2
1.0138538777073252,6
1.6987161281580603,3
1.4403117401873566,4
1.0451901114408249,8
1.73005236189156,3
1.8598252252012295,4
1.5446874756519646,3
1.7057965726951339,3
1.390658823145869,3
1.5204316864555385,2
1.2052939369062736,7
1.5517679201890382,2
1.2366301706397733,3
1.3664030339494428,3
1.051265284400178,8
1.1810381477098475,2
1.8659003981605826,3
1.4595425306431364,4
1.2123743814433472,5
1.8972366318940823,2
1.0270094952037518,9
1.711871745654487,3
1.0583457289372515,7
1.7432079793879867,4
1.8729808426976562,1
1.5578430931483913,4
1.6876159564580608,1
1.372478206908796,4
1.7189521901915605,1
1.4038144406422957,4
1.5335873039519652,4
1.2184495544027003,5
1.3795586514458695,2
1.0644209018966047,7
1.1941937652062742,3
1.8790560156570093,2
1.2255299989397739,2
1.910392249390509,4
1.0401651127001785,8
1.7250273631509137,4
1.8548002264605832,2
1.8861364601940829,4
1.570998710644818,3
1.7007715739544875,3
1.3856338244052226,4
1.7321078076879872,1
1.4169700581387223,4
1.5467429214483919,4
1.231605171899127,7
1.3613780352087965,3
1.0462402856595316,8
1.3927142689422962,6
1.0775765193930313,1
1.2073493827027009,6
1.892211633153436,2
1.2386856164362006,5
1.9235478668869357,3
1.0533207301966052,7
1.7381829806473403,2
1.8679558439570099,1
1.552818094407745,3
1.8992920776905096,5
1.5841543281412447,3
1.2549468539477613,2
1.7139271914509142,4
1.3987894419016493,4
1.5598985389448186,2
1.2447607893955537,3
1.3745336527052232,3
1.0593959031559583,7
1.405869886438723,2
1.090732136889458,1
1.2205050001991276,1
1.9053672506498627,1
1.0351401139595322,4
1.7200023644102673,4
1.066476347693032,8
1.751338598143767,4
1.6085461844085858,3
1.8811114614534366,4
1.5659737119041717,3
1.9124476951869362,3
1.5973099456376714,4
1.727082808947341,3
1.411945059398076,2
1.5417179227077455,1
1.2265801731584807,6
1.5730541564412452,2
1.2579164068919804,5
1.38768927020165,3
1.072551520652385,1
1.2336606176955542,5
1.9185228681462894,2
1.048295731455959,8
1.733157981906694,4
1.0796319651894586,7
1.7644942156401937,3
1.8942670789498632,4
1.5791293294005984,2
1.7089021927102679,2
1.393764443161003,5
1.7402384264437676,3
1.4251006768945027,4
1.5548735402041722,5
1.2397357906549074,6
1.586209773937672,4
1.271072024388407,3
1.4008448876980766,4
1.0857071381488117,1
1.2154800014584812,1
1.9003422519092164,2
1.246816235191981,4
1.931678485642716,4
1.0614513489523856,8
1.7463135994031207,3
1.7776498331366204,3
1.90742269644629,3
1.592284946897025,3
1.7220578102066946,7
1.4069200606574297,2
1.7533940439401943,3
1.4382562943909294,4
1.568029157700599,1
1.252891408151334,4
1.1779325276947135,4
1.4140005051945033,2
1.0988627556452384,6
1.228635618954908,4
1.913497869405643,3
1.2599718526884076,3
1.9448341031391427,5
1.0746069664488123,7
1.7594692168995474,4
1.889242080209217,1
1.574104330659952,4
1.9205783139427166,1
1.6054405643934517,3
1.7352134277031213,3
1.4200756781538564,4
1.6956105081429262,3
1.766549661436621,3
1.451411911887356,4
1.5811847751970256,3
1.2660470256477607,3
1.3958198889574303,1
1.0806821394081654,7
1.42715612269093,3
1.112018373141665,1
1.2417912364513346,2
1.9266534869020697,2
1.087762583945239,7
1.772624834395974,2
1.3826642714610038,1
1.9023976977056436,4
1.5872599481563787,4
1.6185961818898784,4
1.433231295650283,5
1.5630041589599526,2
1.5943403926934523,4
1.408975506453857,2
1.093837756904592,7
1.1251739906380918,5
1.9398091043984964,2
1.069581967708166,5
1.754444218158901,3
1.1009182014416656,7
1.7857804518924008,3
1.9155533152020703,1
1.7615246626959746,3
1.4463869131467098,2
1.5761597764563793,1
1.2610220269071144,4
1.607496010189879,3
1.292358260640614,5
1.4221311239502836,2
1.1069933744010187,5
1.2367662377106883,1
1.9337339314391433,1
1.268102471444188,3
1.952964721894923,2
1.0827375852045926,8
1.7675998356553277,3
1.1140738189380923,7
1.7989360693888274,3
1.2975193264521754,2
1.928708932698497,4
1.613571183149232,2
1.7433440464589016,2
1.4282062969096367,4
1.7746802801924013,3
1.589315393952806,3
1.274177644403541,5
1.6206516276863057,4
1.3055138781370408,4
1.6774298919058532,3
1.4352867414467103,5
1.1201489918974454,7
1.249921855207115,1
1.93478410565785,1
1.2812580889406147,2
1.9661203393913498,2
1.0958932027010193,7
1.7807554531517544,3
1.9418645501949237,1
1.6267268006456588,4
1.7564996639553283,1
1.4413619144060634,4
1.787835897688828,3
1.4726981481395631,3
1.6024710114492327,2
1.2873332618999678,4
1.4171061252096373,2
1.1019683756603724,6
1.448442358943137,6
1.1333046093938721,6
1.2630774727035416,3
1.9479397231542768,2
1.2944137064370413,4
1.9792759568877765,8
1.109048820197446,6
1.7939110706481811,1
1.9236839339578506,1
1.9550201676913503,3
1.6398824181420855,4
1.769655281451755,4
1.4545175319024901,4
1.6156266289456593,4
1.3004888793963945,4
1.430261742706064,5
1.115123993156799,6
1.4615979764395637,2
1.1464602268902988,6
1.2762330901999683,3
1.9610953406507035,3
1.090868203960373,3
1.775730454411108,4
1.1222044376938727,6
1.8070666881446078,3
1.748369045199548,4
1.9368395514542773,6
1.6217018019050125,4
1.968175785187777,2
1.6530380356385121,4
1.7828108989481817,4
1.4676731493989168,2
1.5974460127085863,1
1.2823082631593214,5
1.3136444968928211,2
1.4434173602024907,5
1.1282796106532258,7
1.4747535939359904,3
1.1596158443867255,5
1.289388707696395,1
1.9742509581471301,2
1.6004155656528054,3
1.1040238214567997,4
1.7888860719075348,4
1.1353600551902994,6
1.8202223056410345,5
1.949995168950704,2
1.6348574194014391,3
1.1576964656612134,6
1.7959665164446084,3
1.4808287668953435,1
1.610601630205013,3
1.2954638806557481,5
1.6419378639385127,1
1.3268001143892478,3
1.4565729776989174,2
1.1414352281496525,8
1.271208091459322,1
1.9560703419100571,2
1.3025443251928217,5
1.9874065756435568,2
1.1171794389532264,7
1.8020416894039615,3
1.148515672686726,6
1.8333779231374612,3
1.9631507864471307,4
1.6480130368978658,4
1.7777859002075354,1
1.4626481506582705,4
1.809122133941035,4
1.4939843843917702,3
1.6237572477014397,3
1.3086194981521748,4
1.469728595195344,3
1.1545908456460792,8
1.2843637089557487,3
1.9692259594064838,2
1.3156999426892484,4
1.0005621931399835,9
1.130335056449653,5
1.8151973069003882,4
1.9449701702100577,2
1.6298324206607928,4
1.9763064039435574,1
1.6611686543942925,3
1.790941517703962,3
1.4758037681546972,5
1.6713547189465001,2
1.8222777514374617,4
1.5071400018881969,3
1.6369128651978664,4
1.3217751156486015,3
1.451547978958271,2
1.1364102294090062,6
1.4828842126917707,3
1.1677464631425059,8
1.510245621903331,3
1.9823815769029105,2
1.0137178106364102,7
1.1434906739460797,7
1.8283529243968148,2
1.9581257877064844,5
1.6429880381572195,3
1.2478664094106877,3
1.989462021439984,5
1.6743242718907192,3
1.8040971352003887,3
1.4889593856511238,3
1.6187322489607934,1
1.650068482694293,1
1.3349307331450282,4
1.4647035964546977,5
1.4960398301881974,3
1.1809020806389325,7
1.9955371943993372,1
1.1253100577090067,1
1.8101723081597418,2
1.1566462914425064,5
1.8415085418932415,3
1.971281405202911,2
1.6561436556536462,3
1.0026176389364108,9
1.6874798893871459,3
1.8172527526968154,4
1.5021150031475505,3
1.63188786645722,1
1.3167501169079552,4
1.6632241001907198,3
1.3480863506414549,4
1.4778592139511244,3
1.1627214644018595,6
1.3238305614450288,2
1.0086928118957639,9
1.1384656752054334,5
1.8233279256561685,3
1.169801908938933,6
1.8546641593896682,2
1.9844370226993377,4
1.6692992731500729,3
1.7990721364597424,2
1.4839343869104775,4
1.830408370193242,4
1.5152706206439772,3
1.6450434839536467,3
1.3299057344043819,4
1.6763797176871464,2
1.3612419681378816,3
1.4859898327069048,1
1.491014831447551,1
1.1758770818982862,6
1.3056499452079557,1
1.9905121956586909,1
1.3369861789414554,4
1.0218484293921906,5
1.15162129270186,6
1.8364835431525952,3
1.9975926401957644,1
1.6824548906464996,3
1.812227753956169,5
1.4970900044069042,3
1.8435639876896688,3
1.528426238140404,4
1.2792026431441874,4
1.6581991014500734,1
1.3430613519008086,5
1.472834215210478,2
1.5041704489439778,2
1.189032699394713,7
1.3188055627043824,5
1.0036678131551175,9
1.3501417964378821,3
1.0350040468886172,7
1.1647769101982868,5
1.849639160649022,1
1.9794120239586914,2
1.6642742744094265,4
