1.9155328949513413,2
1.5496316733675206,2
1.966413357189594,4
1.762780237356418,3
1.5460057598421404,3
1.9919883199712982,8
1.0007544958911894,9
1.6111570457864925,3
1.3962387474597917,3
1.184591048206419,7
1.3356335250663065,9
1.2617443360578382,9
1.5416519224377758,5
1.3152930134572904,9
1.9468554453772096,8
1.1018733128658358,6
1.570607210456303,5
1.384016927117576,2
1.0104931093249032,9
1.5711892761849175,1
1.3048581466324483,7
1.9785819476662367,8
1.6362168769525258,5
1.4319939561773043,3
1.3432501233940677,7
1.303000814547428,4
1.4600884517432224,7
1.497174609929538,9
1.7123277813565765,3
1.6692147795083936,4
1.8611298983206557,2
1.9843540947806995,2
1.569608712523236,8
1.5141449004925258,8
1.1669491630041502,7
1.7888762418751822,3
1.2055711288539666,6
1.6019397921247234,4
1.9924726055905648,2
1.5111178862622556,7
1.6877338837552884,2
1.2165305527444032,6
1.2348963478160915,6
1.7562122235120392,2
1.2200818386845116,1
1.4568572282217835,3
1.3634789790107447,3
1.975108921021127,7
1.6200378703383747,2
1.847419223006864,1
1.3422821421903697,9
1.0041269293898922,9
1.9805179236714205,6
1.7858306893175784,1
1.6191135595671433,1
1.8914808693215313,7
1.1288124393770205,1
1.953346412482441,2
1.3903954306721649,3
1.9205311209548284,2
1.843274473381081,3
1.4035231168349331,2
1.5563877945394564,3
1.311448608916341,7
1.2338280208696784,1
1.0488091572235894,6
1.7175037114856626,3
1.1305524208155278,8
1.382699433818249,5
1.2341758970099166,8
1.0447971330076107,1
1.941212249146011,2
1.9471570787659922,2
1.3964866812624246,4
1.7861426701346703,6
1.7193289637864073,2
1.0885750797150044,2
1.4387725235776219,5
1.8562168405872834,3
1.021880565777391,4
1.94213291556032,2
1.2819480222178479,8
1.7168298197417353,1
1.0321288580141412,7
1.014722761134011,8
1.8522021734174052,5
1.4134353202551209,1
1.0325992476452686,1
1.1297072754654516,9
1.3429626509030088,9
1.3161163706861727,2
1.926012489418979,1
1.3379156760842568,9
1.2497555312178958,6
1.6148549558742904,3
1.3152497149931675,3
1.00126039511584,7
1.0531044756669872,2
1.9751266482087715,4
1.3490128030295472,8
1.5619006407222606,1
1.7279448155509316,3
1.871282767545928,2
1.3761846433873823,3
1.5547066302887944,4
1.4106984531191609,2
1.1736169841310389,7
1.8671011162619773,1
1.4294460705603158,2
1.3021991619302786,2
1.7851386542735053,1
1.368650522733179,7
1.5708407872193,2
1.0946591067904778,6
1.6268760740401085,3
1.9322378545402337,3
1.6528275477814072,2
1.131798459691562,4
1.5254153099647385,7
1.782539003616797,2
1.693059679063436,4
1.926454865542353,1
1.4056923627769176,4
1.6900233632541346,1
1.6879323411411926,6
1.9424896323911394,3
1.0193645223847678,4
1.3634850831969911,8
1.629907221185909,2
1.1577961020821843,5
1.0802130074890286,3
1.8989211471965404,4
1.5915415528823813,8
1.082452405524731,2
1.8458975808423168,3
1.6994329054745219,1
1.9628212145578743,2
1.3279600068045312,8
1.5315511589267476,5
1.0695970875182421,2
1.8076196680747885,1
1.910604748155555,2
1.289245990016517,9
1.089829548166283,1
1.1870732424134403,6
1.6846538201494723,7
1.4120058343458144,4
1.9397068613775479,2
1.3379063105236466,5
1.696294626319795,4
1.148050899928632,5
1.836844087061,1
1.7017696851680715,1
1.6603243616652084,8
1.6485078698953552,5
1.9792732622436535,6
1.341459529930833,5
1.5585441585345055,3
1.215921057515577,2
1.3188051472636297,9
1.1170570624064222,2
1.8362111663567524,2
1.5207359002480207,7
1.5280874065125487,2
1.982964299617765,8
1.206218326493993,7
1.2974514604494063,7
1.535631847965758,1
1.220152163377263,4
1.6261560367057137,3
1.7357931915491775,2
1.2442430353855536,7
1.962739815418293,2
1.024294761315903,7
1.549386851281461,2
1.2111823174575331,4
1.082732943443697,1
1.366893534058132,3
1.5415073264970656,2
1.1494697688390734,1
1.2305840887240487,3
1.0308142429700509,2
1.8960854304387866,2
1.5571703803862234,1
1.3766169884437431,5
1.7930065198104062,2
1.9810379632341593,6
1.1795817004261884,6
1.2379413429846573,2
1.6753422547559933,2
1.0084727062581087,2
1.4240009709836685,3
1.136456622319044,1
1.8889992434207412,7
1.7583559734874896,3
1.0855778530806368,2
1.9460473479305969,2
1.3458340882555806,7
1.9099177476257008,5
1.5630149252676047,2
1.1134523879111844,9
1.1699849755339335,6
1.3588315629534111,3
1.7781406962618012,5
1.2841554109414746,9
1.863262393263926,2
1.6123756636913567,1
1.7677731464278752,2
1.9101619268437173,1
1.421630490786021,6
1.1875381364423143,6
1.322367250527763,8
1.7414031844899698,2
1.2631074570704985,9
1.7675994276380687,3
1.54643706951759,2
1.7284581368489396,5
1.7833155617379766,5
1.7247096767233772,2
1.7141791573775926,2
1.143705195398972,3
1.8366605764104116,1
1.1431912531235073,1
1.6723963255805472,7
