1.8023399068535375,2
1.8979116876186377,4
1.0200256713666604,5
1.8724390292692905,3
1.9143724798750839,6
1.949945496788814,3
1.1272928367794623,2
1.0343349023490551,9
1.8759550246043553,8
1.9786396289072359,3
1.7681065485627006,7
1.5330462843062733,8
1.7416196241162072,2
1.7758724501767318,3
1.9808824096570634,6
1.4997248209023724,9
1.0679445961557406,1
1.6773391695943825,9
1.1113687661934926,4
1.700833440496027,6
1.4537075110250108,9
1.8768426976737187,6
1.6462117479464489,1
1.4195013619380077,5
1.5240306452350696,6
1.0578343397650642,3
1.4950125729938288,6
1.491627159087024,4
1.2320588811229687,7
1.3223524768600918,8
1.0378825639625004,7
1.9794718108347995,1
1.6438179582601347,6
1.1679679827333453,8
1.0658519257173893,3
1.8504048638104909,2
1.1356809310362586,9
1.4040044449552735,2
1.5549235868347155,6
1.1268478939483295,2
1.41418797441827,6
1.3001650067519392,2
1.8377538958334876,2
1.9745433630026208,5
1.1613897818572578,9
1.1131477298859962,8
1.2166667977576548,2
1.7045952695834021,5
1.3008021548530704,6
1.9190410413106749,1
1.7251124051384021,3
1.568420866527207,7
1.16936206754427,8
1.9515044569446793,1
1.7254780157204168,2
1.8281656997054418,2
1.78096293434412,1
1.2285944711106982,7
1.0340141012990731,7
1.9056185276050237,1
1.277239585160213,7
1.4113382542419965,2
1.8877229258881465,3
1.7546635989785548,4
1.9856120242673383,7
1.4014444459843767,6
1.0741730632008535,7
1.7766934815148565,2
1.8596282158382733,2
1.8975048229625862,4
1.407166416521451,3
1.5063818269508367,4
1.0038572985407521,8
1.448230245202179,5
1.3354072570870865,7
1.009917698457306,7
1.386864818842997,2
1.6323590615426093,1
1.5733722839407234,2
1.5516724689304657,7
1.3033800191235487,8
1.6076685840332758,6
1.1477307815440725,8
1.1973010846790162,8
1.1085029993776059,8
1.4722833168786753,5
1.5075471519836747,9
1.3174288508189043,8
1.128056886215573,4
1.821661827239264,1
1.9114003412581564,6
1.206713029933059,9
1.3851455509467818,2
1.5224411584006123,4
1.008158278749764,9
1.6759158237828502,4
1.234683618450024,8
1.5445118835951277,6
1.4502814868317375,1
1.2200647665282514,7
1.4633857873235707,7
1.9837662959413658,1
1.5040417646889612,6
1.4689620343446754,8
1.035168316179107,6
1.0382869910005703,7
1.9143630823451219,2
1.0700305762151299,4
1.9750763247145044,4
1.09573029475753,3
1.0781126914366537,5
1.8866530450772552,2
1.7740772114343208,2
1.668926111224868,7
1.5432549261155502,6
1.6132312794565111,4
1.9322599824797357,8
1.627507070080151,2
1.8272112156571825,3
1.881488690431018,4
1.4762885854103,7
1.0515074272756781,7
1.0888832006546783,7
1.5140910177043994,3
1.8831358978088224,3
1.7635357788959383,1
1.2003814703528055,4
1.3910011018351731,3
1.4021360165547327,3
1.0205788918210585,2
1.2968818318433797,4
1.9135111324964904,2
1.4838133949060395,8
1.294545691887659,6
1.4729959437051119,6
1.0451453300817855,8
1.8723240770934149,1
1.6683999571893096,6
1.0152243717070255,9
1.6558250949004594,2
1.250069470537694,8
1.7088797818287556,2
1.6478830629480052,4
1.1930061352403767,6
1.6989990551998613,3
1.8901476343367976,4
1.5547576266773913,6
1.3556317525210189,8
1.8402616260776095,2
1.3005115063264665,9
1.1910173878641606,6
1.75377481581462,1
1.721297351389261,4
1.2470130138267796,2
1.256426133355069,8
1.932091540371978,2
1.460207541993491,6
1.1494127041511115,2
1.3192095534390074,5
1.3246802523717995,6
1.9078190957767933,8
1.4686894011091751,7
1.772105438737599,2
1.9442018559015422,2
1.8782897884332446,5
1.3423715607713884,8
1.5288564236112085,4
1.6802080817761214,9
1.1815681685248758,6
1.7314294918341777,6
1.7213740655012768,2
1.978868424347906,3
1.2336045081235323,8
1.3782676796464686,2
1.2186579229393921,2
1.671899345409955,2
1.542323508516686,3
1.9087713782801747,2
