1.0461426696649685,2
1.9509310882208406,2
1.504972173337379,9
1.0805845234136022,3
1.2538799549316328,8
1.7655662019812453,4
1.9039722775493333,2
1.093740140910029,5
1.0328362183377995,2
1.5750928774402508,3
1.0867791244898632,6
1.841446236930949,6
1.778721819477672,1
1.8472932590861348,1
1.4492440833365383,2
1.448737180982512,6
1.9276420336823685,1
1.439328280731981,6
1.5882484949366775,2
1.1063991032597071,8
1.911682177687371,2
1.2488549561909865,6
1.3440498986811074,9
1.7670055645140161,7
1.5152083156816847,3
1.9407976511787952,2
1.4524838982284076,1
1.4281086809150736,3
1.6014041124331042,2
1.09993474198629,6
1.2620105736874132,6
1.7736968207370256,2
1.7801611820104428,3
1.8050330544705253,1
1.953953268675222,1
1.4407676432647518,2
1.4656395157248343,5
1.1889703944324204,7
1.9873442706812643,4
1.614559729929531,2
1.1281819946586626,5
1.1262459769791433,8
1.1018707596658093,4
1.27516619118384,5
1.293648188937476,3
1.7868524382334523,2
1.3935159933356975,5
1.8688917632271465,2
1.9357726524381489,2
1.4474588994877613,4
1.4539232607611785,4
1.3722297570834905,6
1.454419915907927,5
1.6277153474259576,7
1.1145297220154875,2
1.13940159447557,7
1.115026377162236,8
1.2883218086802666,4
1.800008055729879,1
1.775632838416545,1
1.4066716108321242,3
1.2088199379413767,6
1.9489282699345756,3
1.2670355724280595,6
1.460614516984188,8
1.0672780720864332,4
1.6095347311888846,2
1.121220978238497,8
1.1276853395119142,4
1.1525572119719967,4
1.2849873603370807,6
1.3014774261766933,2
1.9246198532279872,2
1.1312709757197896,5
1.7887884559129716,4
1.9620838874310023,2
1.4737701344806147,4
1.4493949171672806,8
1.5423415740890776,6
1.6226903486853113,7
1.1343765957349237,5
1.741040150837169,7
1.812851405337501,2
1.2832968099396203,5
1.274080028408978,2
1.7949830569892327,4
1.8014474182626499,2
1.8263192907227324,3
1.8019440734093983,2
1.975239504927429,3
1.418303024417114,5
1.4869257519770414,6
1.4625505346637073,7
1.1569411134818814,2
1.635845966181738,7
1.868579495338342,2
1.7541957683335956,2
1.296452427436047,6
1.980347943228828,2
1.8081386744856593,2
1.8146030357590766,7
1.839474908219159,3
1.957058888690356,1
1.5314342421609748,7
1.4687451357399683,6
1.4752094970133856,6
1.500081369473468,8
1.475706152160134,3
1.0816706861884642,5
1.6490015836781646,4
1.160687830727777,5
1.136312613414443,5
1.22925927033624,3
1.3218903625624119,8
1.3096080449324736,7
1.7886376220822293,6
1.821294291982086,2
1.873343822152295,2
1.4279578470843313,4
1.2194381011829991,4
1.9702145061867826,1
1.9459060894801943,1
1.4883651145098122,6
1.5132369869698947,3
1.6308209674410916,2
1.6621572011745913,6
1.3964435403387623,7
1.1489715757641212,7
1.1738434482242037,3
1.1494682309108697,8
1.0360760332296688,7
1.3227636624289003,8
1.8344499094785127,1
1.8100746921651787,2
1.9030213490869756,1
1.754346602164338,2
1.5871623321618156,3
1.9833701236832093,2
1.4950563707328217,6
1.101719925835067,4
1.6439765849375183,4
1.1556628319871307,3
1.162127193260548,3
1.1869990657206304,1
1.1626238484072964,6
1.335919279925327,8
1.5525696445824395,7
1.822733654514857,3
1.8476055269749394,4
1.8232303096616054,2
1.996525741179636,2
1.5082119882292484,6
1.4838367709159144,5
1.5767834278377113,1
1.657132202433945,4
1.1688184494835574,4
1.7754820045858026,4
1.0918041232305096,4
1.6768356207645416,6
1.317738663688254,7
1.8294249107378664,2
1.8358892720112836,3
1.860761144471366,2
1.836385927158032,2
1.0096813586760627,7
1.4964957332655926,8
1.521367605725675,3
1.2446984844332611,7
1.012786978691197,7
1.6702878199303717,6
1.757435583225465,6
1.181974066979984,5
1.15759884966665,5
1.250545506588447,4
1.5907859491914818,5
1.3308942811846807,9
1.842580528234293,6
1.9915007424389897,2
1.503186989488602,6
1.5096513507620193,7
1.9399243513123068,3
1.5101480059087677,1
1.6834434374267984,6
1.1475322132313504,6
1.1951296844764108,4
1.1707544671630767,5
1.8557361457307198,2
1.8313609284173857,2
1.9243075853391827,4
1.3905965181835764,2
1.0046563599354164,9
1.048919382837291,4
1.5163426069850288,2
1.123006162087274,8
1.6652628211897254,2
1.1769490682393378,4
1.183413429512755,4
1.2082853019728375,3
1.5709364056825255,4
1.357205516177534,8
1.800269035667219,2
1.5998212945114938,2
1.8445165459138124,3
1.5389071247319865,7
1.017811977431843,7
1.5294982244814554,5
1.1361617795837007,7
1.678418438686152,5
1.2032603032321911,4
1.1901046857357644,3
1.1965690470091817,6
1.2214409194692641,3
1.339024899940461,9
1.7918774369740986,3
1.9144864161859418,2
1.8507111469900734,2
1.8571755082634906,2
1.8820473807235731,3
1.857672163410239,4
1.0309675949282697,1
1.6053782594311592,5
1.518278624664548,5
1.611225281586345,1
1.703856373812517,7
1.6915740561825787,7
1.6003179496582423,4
1.2553098334024,4
1.8099238583344364,3
1.3521805174368877,7
1.8638667644865001,2
1.8703311257599173,3
1.8952029982199998,2
1.0441232124246964,1
1.5309375870142263,6
1.5558094594743088,3
1.2791403381818949,2
1.1948174165876062,2
1.7047296736790054,7
1.2164159207286178,4
1.1920407034152838,2
1.2859382887994384,6
1.3653361349333144,8
1.8770223819829268,2
1.483685937085172,7
1.6868873127648132,3
1.0259425961876234,1
1.661106349432,2
1.4079086074377285,1
1.544093204510653,3
1.5689650769707355,2
1.5445898596574015,6
1.717885291175432,3
1.204699665764962,4
1.2295715382250445,4
1.9529024169326306,2
1.5426538419778821,3
1.378491752429741,7
1.8901779994793535,1
1.8658027821660195,2
1.9587494390878164,1
1.2721440107294586,2
1.2989898816908512,5
1.03909821368405,2
1.5507844607336625,7
1.1574480158359077,4
1.3147164832338727,9
1.1637607238771723,5
1.699704674938359,7
1.2113909219879715,4
1.2178552832613887,3
1.2427271557214712,6
1.2183519384081372,6
1.3916473699261678,6
1.4913778109021898,8
1.9033336169757802,2
1.6266644956833662,6
1.0522538311804768,5
1.5639400782300892,2
1.5395648609167552,6
1.632511517838552,3
1.7128602924347858,3
1.2245465394843982,5
1.8312100945866434,3
1.3407154503379215,7
1.3734667536890948,5
1.8851530007387072,3
1.8916173620121244,2
1.9164892344722069,2
1.8921140171588728,1
1.0654094486769035,5
1.5084729681665885,6
1.5770956957265159,2
1.5527204784131818,3
1.7260159099312125,3
1.7736133811762729,2
1.2377021569808249,2
1.2133269396674908,5
1.84436571208307,4
1.376108232548913,8
1.5932734936773238,2
1.8983086182351339,1
1.0472288324398304,4
1.5589150794894429,2
1.56537944076286,1
1.9722173244730477,2
1.5658760959096085,3
1.7391715274276391,7
1.1822350469173242,7
1.2508577744772515,7
1.2264825571639175,3
1.9208731359820916,1
1.3997779886819481,5
1.9114642357315605,2
1.5181277908338058,7
1.0603844499362571,5
1.7749751022317763,2
1.4261726632355542,2
1.5720706969858695,4
1.5785350582592867,3
1.6034069307193692,2
1.7209909111905661,6
1.2326771582401785,3
1.462399700832965,5
1.2391415195135957,6
1.2640133919736782,6
1.2396381746603442,8
1.956914693771194,3
1.4129336061783748,5
1.7330603659121309,3
1.3751573040865552,8
1.9002446359146532,2
1.9931912928364501,1
1.085822385062622,2
1.258988393233032,2
1.0735400674326838,5
1.5852263144822962,2
1.1918898695845415,6
1.7341465286869928,3
1.2458327757366052,6
1.2522971370100224,6
1.0575802114376862,4
1.9260592157607581,2
1.4260892236748015,4
1.937775470724414,3
1.9134002534110799,2
1.481900753236395,5
1.0866956849291105,4
1.598381931978723,2
1.5740067146653889,2
1.6669533715871858,5
1.7473021461834195,2
1.4443532794726273,3
1.118115358223363,6
1.7493049644696845,5
1.6115375494751496,4
1.3348684281827357,5
1.9265558709075066,2
1.6809558929409563,3
1.4210642249341552,4
1.5376288432372358,1
1.277169009470105,4
1.5210553378368705,2
1.6246931669715763,7
1.2852996282258853,5
1.2609244109125513,7
1.4342198424305819,3
1.0144775290886572,8
1.9605010695093918,2
1.0948263036848909,4
1.6065125507345033,7
1.2131761058367485,3
1.7554327649391999,1
1.2671190119888123,7
1.5325204049358367,6
1.4473754599270086,4
1.9327504719837676,7
1.8904389794166936,2
1.959061706976621,1
1.934686489663287,2
1.1079819211813176,6
1.61966816823093,6
1.595292950917596,7
1.2263317233331752,4
1.758074243799018,1
1.280274629485239,4
1.8869381845874842,5
1.1839100846595034,5
1.4291948436899355,6
1.940881090739548,2
1.9473454520129652,2
1.9478421071597136,2
1.7512762931814745,2
1.1211375386777442,7
1.5642010581674293,5
1.6328237857273566,2
1.6084485684140226,3
1.3028391472321967,5
1.7817439999320532,3
1.5394140270860128,7
1.2934302469816656,3
1.9000938020839109,3
1.4423504611863622,3
1.6490850232389174,6
1.9540367082359746,2
1.9853729419694743,3
1.1029569224406712,4
1.6146431694902836,6
1.6211075307637008,2
1.0998513024255372,4
1.3693102819313694,2
1.79489961742848,1
1.3065858644780923,6
1.2822106471647583,3
1.455506078682789,3
1.9671923257324013,2
1.116112539937098,2
1.298455245722312,7
1.7208467162714043,6
1.6342631482601275,5
1.65913502072021,7
1.8080552349249066,2
1.2948696095144365,4
1.319741481974519,8
1.043072360682105,2
1.7048131132397581,7
1.4686616961792156,7
1.4412642984115003,7
1.955972725915494,2
1.1292681574335246,6
1.640954404483137,5
1.2476179595853822,6
1.7898746186878336,6
1.301560865737446,4
1.3080252270108632,5
1.3328970994709457,8
1.3085218821576117,6
1.5738558808346466,2
1.4818173136756423,4
1.862732473183156,4
1.9686316882651722,3
1.9935035607252547,6
1.7168344394328408,3
1.1424237749299513,7
1.6541100219795637,1
1.6297348046662297,5
1.260773577081809,5
1.0629219041910614,5
1.8030302361842603,2
1.0247055995820191,4
1.586665677015067,4
1.921380038336118,4
1.4636366974385693,7
1.295366264661185,7
1.9753229444881817,2
1.981787305761599,2
1.0066591782216814,8
1.9822839609083474,3
1.155579392426378,6
1.6672656394759904,6
1.6428904221626563,5
1.1130903594827166,7
1.816185853680687,1
1.3278721007302994,6
1.3034968834169653,6
1.9345356558325446,3
1.476792314934996,7
1.9884785619846084,3
1.5951421170868536,3
1.137398776189305,7
1.9215308721668602,2
1.6555493845123346,6
1.680421256972417,4
1.656046039659083,4
1.8293414711771137,2
1.6984676783327548,4
1.2724049906667987,2
1.341027718226726,8
1.316652500913392,7
1.223412248181054,4
1.4899479324314227,8
1.7112774745131754,7
1.001634179481035,9
1.6082977345832803,4
1.7197539145849619,7
1.140040255049123,2
1.662240640735344,2
1.2689041958375893,6
1.8111608549400406,2
1.322847101989653,8
1.5457267351272774,4
1.3541833357231527,7
1.3298081184098187,7
1.5031035499278493,7
1.2801911899244862,5
1.9461670694175344,3
1.0147897969774617,8
1.9904145796641277,4
1.6848051584823018,4
1.1637100111821583,6
1.6753962582317707,2
1.1265069569164834,3
1.282059813334016,5
1.2051963209117105,3
1.8243164724364673,2
1.3360027194860797,6
1.342467080759497,7
1.8131636732263057,2
1.4849229336907763,5
1.6277987869867103,3
1.003073542013806,9
1.0279454144738884,6
1.0035701971605544,9
1.3673389532195794,7
1.176865628678585,4
1.6885518757281974,4
1.6641766584148634,1
1.7571233153366603,1
1.837472089932894,1
1.6216041859104493,5
1.3491583369825064,7
1.9558218920847517,5
1.498078551187203,5
1.0097647982368154,7
1.0162291595102326,7
1.0411010319703151,6
1.1900212461750117,7
1.8656519483352771,3
1.67733227591129,4
1.8506277074293207,2
1.362313954478933,6
1.337938737165599,5
1.430885394087396,3
1.5112341686836297,6
1.022920415733242,4
1.6295839708354873,4
1.4230670432204202,3
1.1718406299379387,6
1.7604577636798462,2
1.683526876987551,3
1.6899912382609683,2
1.7148631107210508,7
1.6904878934077168,2
1.1505543936857316,2
1.8637833249257474,2
1.3505976995152773,6
1.3754695719753598,9
1.3510943546620258,7
1.5243897861800564,7
1.0688533240149183,4
1.0117008159163348,7
1.1046474728381317,4
1.4448879154411665,3
1.1849962474343654,6
1.6966824944839778,7
1.303346049586223,4
1.8456027086886744,2
1.3572889557382868,7
1.363753317011704,5
1.3886251894717865,7
1.3642499721584525,3
1.7675022196607646,2
1.537545403676483,7
1.478795133221261,7
1.0492316507260955,3
1.0248564334127614,6
1.198151864930792,3
1.7098381119804045,2
1.6756142001875811,6
1.3165016670826497,7
1.858758326185101,2
1.0363370131670089,7
1.9771081283369587,4
1.51936478743941,6
1.3704445732347135,7
1.0310510344890225,3
1.8971743269317898,1
1.0375153957624397,6
1.0623872682225222,5
1.0380120509091881,4
1.2113074824272188,5
1.6543710019169038,3
1.7229937294768312,2
1.6986185121634971,4
1.9129035982643314,2
1.3930090909816712,3
1.8719139436815277,1
1.3836001907311402,6
1.9902637458333854,5
1.3388807050212992,6
1.5220062662992282,7
1.5345232232221018,3
1.4250383719322102,7
1.0442066519854492,4
1.6508702070876944,7
1.1931268661901457,6
1.1049597407269363,7
1.9276927463773825,3
1.7361493469732578,3
1.7117741296599238,2
1.8850695611779544,2
1.3967558082275668,6
1.3723805909142328,6
1.4653272478360297,7
1.5579583400622017,5
1.5456760224322634,6
1.0988004506829459,3
1.0573622694818758,8
1.1094117996520847,1
1.664025824584121,2
1.2477687934161246,7
1.2062824836865724,2
1.5933569332380766,3
1.7179687307361848,3
1.724433092009602,3
1.5297161664372658,7
1.8668889449408814,1
1.385039553263911,8
1.4099114257239935,6
1.1332423044315796,3
1.3855362084106595,6
1.5902513132229426,2
1.5588316399286901,2
1.0459918358342262,2
1.0705178869783025,3
1.1390893265867654,5
1.7226814615880266,4
1.7311243482326115,1
1.3377879033348568,9
1.642739588331914,2
1.7685883824356265,2
1.880044562437308,1
1.3917308094869205,2
1.3981951707603377,6
1.3866223711855215,7
1.0086305069334713,7
1.2735833732622295,3
1.5719872574251168,4
1.0588016320146467,3
1.0836735044747292,5
1.8070043831823153,7
1.0110430797315662,9
1.2325937186794258,2
1.6854628946670704,3
1.7442799657290382,5
1.7199047484157042,1
1.1706036333323344,4
1.8789583996624462,3
1.8932001799337348,1
1.919594854487341,1
1.4048864269833472,4
1.0115499820855924,7
1.6459794032237833,4
1.5538066411880438,2
1.0654928882376562,7
1.0719572495110734,5
1.096829121971156,6
1.0724539046578219,5
1.7784095515888674,4
1.2457493361758525,7
1.7325637107653824,3
1.0592982871613952,2
1.480766461933051,6
1.9063557974301615,2
1.9691283434119207,2
1.4180420444797739,2
1.3936668271664399,3
1.4866134840882368,6
1.3293114632630703,8
1.8268539266912716,4
1.5669622586844705,4
1.0786485057340829,5
1.066771169732407,2
1.6853120608363281,3
1.2275687199387795,3
1.08043368958286,6
1.7392549669883919,2
1.745719328261809,3
1.7705912007218916,2
1.7462159834085575,1
1.9195114149265882,3
1.496992388412341,8
1.7017074932246241,3
1.4311976619762006,2
1.4068224446628665,6
1.4199780621592932,4
1.5801178761808972,2
1.0932434857632805,7
1.0674289059171755,2
1.1603755628389725,6
1.2407243374352062,7
1.7524105844848186,2
1.3590741395870638,6
1.9013307986895152,2
1.4130170457391276,6
1.4194814070125448,3
